RANDOM
+441771785113
+441771287636
+441771828881
+442076542124
+442075496769
+441804561244
+441804944242
+441273517744
+441908128081
+441619340847
+441771935566
+441804615784
+442057078514
+441908618559
+441444523143
+441903909475
+441804505659
+441785377852
+441908442927
+441908646452
+441617289489
+441785293393
+441785956340
+441771703303
+441273239078
+441617276432
+441612029704
+441785490710
+441612928658
+442073019793
+441444546727
+442074265099
+442078317038
+442078861826
+442078554121
+447928551570
+441771335913
+441273465954
+441804763905
+441617807505
+441612583768
+441273423880
+441444342302
+441619400372
+442079714252
+441771922326
+441908299402
+442054693673
+442076925483
+441903873702
+441444191403
+441804417127
+441273131624
+442051705711
+441617981661
+442075076772
+441617014507
+441444182894
+441908374650
+441804235910
+441908434407
+441908662502
+442051760318
+447956231345
+441619017792
+441804665361
+441785735465
+447916204626
+441444592810
+441908811119
+441903886086
+441908364857
+441903965131
+441273739849
+442071228929
+441444420269
+441908122924
+441273733286
+441785304988
+441444451744
+441804811462
+441903866893
+441771923406
+441771998003
+441903160775
+441903759162
+441273905599
+441908948334
+441771851359
+441614762627
+447923476089
+442052455357
+441908158376
+441903181906
+441619706541
+441771463484
+441785759244
+441785538973
+441619416518
+441785100820
+447959685832
+441908322264
+441785139556
+447935320042
+441771449841
+441804250170
+441903550649
+447972019252
+441908387915
+441273132990
+441615207183
+442051073731
+441785779148
+441785226571
+442053658397
+441804565214
+441273314283
+441771104403
+441903744525
+441903125103
+441785416330
+447915462167
+441444547391
+447992254760
+441273770887
+441785208359
+441908275750
+441785210087
+442053132810
+441617739052
+441804953126
+442052100033
+441908533164
+441771570172
+441903637687
+442078123126
+441444100420
+442057233344
+442058050530
+441785357471
+441444422375
+441804532174
+441611463837
+441618601247
+441903478918
+441908222841
+441771881817
+441908186950
+447971068274
+441771643534
+441771119983
+441273542777
+441903603858
+441444208755
+441273213326
+441804377409
+441785136417
+447958753317
+441903368632
+441771868046
+441771932747
+441804379011
+441903357032
+441617181840
+442074294014
+442078935822
+441617752527
+441903537140
+441615109683
+442059149724
+447943411791
+441785525695
+442055305793
+442078942155
+441785855165
+441785685246
+441771537858
+442076306214
+442075648734
+441903947036
+442055216734
+441444815288
+441273972911
+442074939875
+441444448536
+441771269677
+441273835538
+441615557557
+441804277815
+442076062066
+442079798377
+441903175557
+441614119544
+441903374002
+441771162666
+442079481798
+442057829968
+442056478614
+441804634644
+441785845583
+441617012800
+441903744924
+441804786573
+441804966257
+441804713049
+441612368479
+441444289785
+441903384684
+441903402163
+442078790413
+441908379682
+441771587736
+441444254787
+441903634534
+441771706477
+441614763528
+442056068059
+441444449323
+441273165235
+441444886088
+447959434798
+442055973456
+447947199727
+441804502187
+441804510812
+441273423857
+441908334276
+441771446326
+442053015738
+441771592534
+441444504964
+441444661252
+441444848935
+442071345784
+441908256049
+441804440888
+441771829365
+447913301523
+441804505025
+441785381866
+441908672978
+441908790784
+441273729320
+441903409053
+441804931410
+441617038226
+441444254953
+441908870273
+441273317127
+441908485565
+441444554811
+441785970931
+441804762443
+441903640562
+441273472717
+441444783281
+442073934492
+447977005714
+442057847193
+442077355831
+441785958605
+441444262911
+441444980409
+441785971020
+441273736493
+441273444904
+441618931246
+441771974236
+441908347041
+441612625427
+441785165570
+441785245921
+447910242606
+441444826602
+441619357719
+441617852008
+447991437682
+441273808533
+441785365132
+441444275486
+441804892312
+441903982936
+441903728689
+441785492452
+441616584800
+447953001469
+441903636966
+441908163504
+441611232688
+441908429123
+442053797434
+442071774397
+441785679092
+447947745419
+441616214138
+441903146196
+442078155738
+441903945217
+441613863831
+442056172604
+441908468243
+447944468218
+441273180675
+441273783401
+441804943825
+441614549075
+441785365350
+441908608947
+441804567793
+441908926874
+441273642839
+441903636124
+441444354574
+442076257788
+441908488679
+441273449934
+441771161013
+441804844846
+441804704627
+441273955392
+441908396995
+442072331543
+441903203157
+442052580609
+441908555739
+442057114234
+441771594571
+442054558523
+447949876526
+442074794312
+447998316223
+441804485353
+441619039448
+441908246533
+441771227543
+441903233469
+441908490055
+441616332264
+441804867329
+441273559368
+441616690850
+441273758955
+442072639941
+441617767950
+442072629344
+441771233787
+442053055267
+441908854878
+442078924192
+441612883733
+441804176285
+447929878086
+442077902772
+447921978943
+441273377913
+441804413083
+441903244428
+447974529903
+441903716776
+441804259354
+441771731471
+441273572076
+441804869278
+441804295202
+441908393636
+441785532622
+441611948781
+441903893216
+442055810597
+442078892910
+441444482466
+441771301868
+441785662531
+441785724485
+441615166265
+441771912992
+441615439673
+442078858165
+441804405050
+441273778006
+442054273460
+441771250383
+441273608735
+441804915409
+441619734985
+442058527177
+442059255411
+441804230911
+441785869904
+441903664768
+441614011536
+441612004735
+447950498923
+441617085940
+441771623312
+441444424843
+441611336753
+441804510699
+442078652048
+442054504345
+442072338778
+441804219285
+441785177982
+442054894699
+441804218988
+441903746372
+441771613545
+441444397014
+441785826366
+442051185557
+441903464888
+441273281659
+441619752646
+441804773702
+441903557538
+441444577408
+441785282296
+441273898751
+441903757301
+441444660240
+441804316906
+441903760355
+442051290854
+441785411304
+441785726830
+442079525447
+441804841082
+441444890557
+441908898631
+442079112615
+441785634716
+442071051007
+441903386928
+447970961444
+441903823462
+442053381995
+441903455609
+441804771001
+441804863903
+441771210103
+441903162824
+441804121102
+441908570987
+441771490699
+442052644056
+441444282080
+441273559089
+441804923298
+441771446591
+442054993637
+441771315203
+441785932157
+441614112714
+441444633117
+441785632953
+441785489527
+442059737669
+447995282191
+441785816615
+441785310318
+441273792527
+441771489899
+441804532473
+441804937247
+442078325591
+441444293956
+441804355162
+441804843523
+441903940781
+441619031410
+441903432906
+442072120540
+441615166485
+442079851256
+441771561136
+442051541309
+441611522606
+441785240560
+447964864771
+441444115627
+441444429831
+441617076615
+441785907572
+441613863222
+441785784294
+441617798325
+442056469020
+441804853068
+441771650533
+441444434094
+441616154533
+442071191936
+441785923846
+441908126022
+442075340676
+442052862392
+442076471184
+441903119109
+441273129383
+441908349066
+447925818593
+441804268951
+441804668550
+441273775245
+442056175391
+441903995932
+442076925726
+441908305549
+441273372455
+442052171930
+442076882805
+441908599031
+441903330182
+441771920015
+441771875222
+441273464711
+441903601823
+441273240184
+447975847058
+442054984473
+441903803742
+441908348814
+441273604983
+441903297045
+447983690807
+447957623260
+441273184670
+441785380259
+441903277656
+441804263527
+441903714081
+441785798959
+441908364603
+441903498166
+441785151540
+441618246717
+441273740355
+441804316580
+441908555822
+441908570209
+441785605210
+441785540170
+441444174399
+441444320254
+441785435253
+441444117887
+441908677273
+441771207614
+441908762258
+441444735553
+442057857673
+441611253784
+441444717515
+442058671056
+441908843077
+442053290047
+441444502509
+442059911731
+441903331963
+442052181522
+441444806205
+441771251705
+442075864332
+441771818882
+441444167343
+441771315892
+441908861630
+441804578621
+441804500090
+442059190903
+441908364235
+441903129955
+441771506789
+441617979190
+447982468733
+441903779880
+442074626501
+442052472259
+441908595629
+441771532816
+442075486020
+441444318204
+441273512522
+447916150672
+441614853821
+441804440853
+441785692731
+441903787542
+441908936095
+441444520971
+441611516752
+441804389437
+447930960850
+441908691975
+441804712030
+441771727203
+442072761582
+442071130544
+441903200719
+441771341368
+441785663700
+441444110997
+442055975128
+447966512667
+441771392987
+441908599457
+447929362501
+442077296888
+441273428063
+441273634911
+441444989720
+441444831459
+447957181147
+441785785933
+441908411750
+441617978158
+441785642497
+441273980311
+441444823712
+441908856069
+447974350065
+441771993836
+441771947583
+441611877427
+441611161700
+441903845133
+441611230756
+441273938721
+441804879129
+441273679323
+441903352492
+441804952326
+442055321790
+441804145782
+441908862915
+442051721619
+442077413391
+441771388049
+441444204418
+441804961627
+441903534548
+441908620385
+441903683335
+441618102746
+441785559621
+441273387987
+441617180516
+441908263261
+441444593239
+441771607885
+441804808692
+441903918567
+447939042963
+441785352830
+447990865955
+447950970857
+441903380110
+441273992397
+441908271961
+441444569628
+442055887229
+441804425726
+441619020156
+441903221464
+441273184574
+447990014334
+441785387105
+441804478655
+442058079028
+441771196831
+447987296451
+447966033937
+441804635396
+441908236310
+441615111321
+441444124112
+441804286934
+441771894300
+441903990935
+441804193319
+441785361330
+441273133063
+441804147789
+441273841324
+442051620317
+441908281002
+442077215534
+441804674787
+447965034012
+441771575694
+441785286227
+441273587449
+441273770430
+441613917667
+441444151485
+441903202688
+442058345749
+442051790102
+441903437730
+441908283717
+441771696159
+441903593061
+441771598045
+441771747213
+441903382647
+441804575988
+441444793189
+441444334528
+441771429368
+447958370366
+441444822866
+442054444143
+442057874365
+442071765025
+441444929157
+441273932263
+447976282720
+441771407007
+441273428144
+441785858672
+441616829224
+441273428818
+442057777183
+441903455877
+441771940939
+442051917649
+441771587837
+447992882059
+441908140624
+447970980723
+442058104943
+441903508239
+441804812069
+441273398412
+447952170874
+441804206026
+442058436552
+441903495638
+441785841676
+441908338114
+442071310689
+441908294324
+441908180102
+442051250730
+442058290810
+441785905994
+441804284445
+441771201288
+441804135035
+442077315713
+441619246028
+441903310366
+447982229303
+441273342913
+441444637320
+442052819270
+441444698289
+441771474006
+441617316333
+441273175812
+441785694057
+441785191796
+441771903603
+441619801378
+441804718178
+442055156166
+441771674744
+441614489172
+441771426214
+441785875246
+441785391261
+441618447224
+441903748641
+442052667478
+441804715453
+441444654827
+442059563406
+441444699763
+441804208352
+441444787698
+441444537083
+441444337484
+442078398719
+441903606098
+441771980508
+441804307096
+442073317558
+447997022252
+441444331074
+441804281558
+442078260905
+441617760363
+441444102535
+441619257207
+441908541992
+442056743619
+441903800352
+447955909041
+441444954424
+442054310799
+441903323244
+442053902729
+441444210124
+441613372533
+441804459286
+442057393632
+441613710569
+441273363830
+441614475736
+441903858998
+441613305971
+441903282830
+441908211908
+441804851908
+442071278756
+441619598458
+441804207466
+442055921059
+447932580814
+441444511711
+441771212235
+447981987758
+441804947803
+442057877396
+441804220707
+441444239434
+441908477187
+447947365593
+441273540979
+441785802932
+442056825592
+441771176907
+447953604678
+441804475791
+442073007582
+441908173336
+442058854281
+441908900321
+442078646977
+442073281041
+442078294451
+441903295002
+447945716037
+442073561929
+441612837109
+447926929895
+442074721179
+442057389844
+447936454878
+441614124755
+442055821112
+441614586637
+447926006258
+441804266894
+442057437104
+441785990823
+441785405467
+442052327919
+441444532413
+442054031278
+442071780923
+442053598658
+441908983976
+441273488596
+441903160940
+441619430718
+441444720070
+441903662970
+441444721621
+441771761668
+441908897068
+441613179406
+441273924243
+442076784756
+441444135463
+441273632179
+441908292248
+442056190128
+441771634458
+442056552998
+442054671547
+441908135979
+441804667522
+441785925605
+441908375213
+441903801053
+441908947284
+441804674919
+441273617232
+441618573759
+441785298585
+441804385866
+441444910130
+442077699404
+441785153747
+442056258987
+441611829106
+441908285234
+447960002765
+447947845978
+441771789164
+441771561428
+441785881059
+441804508109
+441771117073
+441903647100
+442071264457
+441771212298
+442053045306
+447982452859
+442057307601
+441785710416
+442056876135
+441903302985
+442053886802
+442076616276
+441771243954
+441908795051
+441617068502
+441908132956
+441273850708
+441804347423
+447910430762
+442057885699
+441785349867
+441908173318
+442076440032
+441771634292
+441273201483
+441804686417
+441908492827
+447968182766
+441444792306
+441444714931
+441444527650
+441908711531
+441273137048
+447938030200
+441903131726
+441444218429
+441444603082
+442054653042
+441785902753
+441785771692
+441804384677
+441908742940
+442078502932
+441903474186
+441804880102
+447949259482
+441804787301
+441619319754
+441804743543
+441908439178
+441903253735
+447918698517
+441444309552
+441785911764
+447922201532
+442079718875
+447928589855
+441771110256
+441804135569
+441273112865
+442058628939
+442053972958
+441804678067
+441615631979
+441771747004
+441804354598
+441903978205
+441903741552
+441617626614
+441619573688
+441444919711
+442051708024
+442054503212
+441771577599
+442053980136
+441611119689
+441771608696
+442057993506
+447977243780
+441273901106
+442054513038
+441903150065
+447915891355
+441618990823
+441771309553
+441903513281
+441771360509
+441273114547
+441804445613
+441903624575
+441444120257
+441804446331
+441785491220
+441771968146
+441785613990
+441613480574